//Maya ASCII 7.0 scene
//Name: rocket_mesh.max.ma
//Last modified: Thu, Sep 17, 2009 04:57:09 PM
requires maya "7.0";
currentUnit -l centimeter -a degree -t ntsc;
fileInfo "application" "maya";
fileInfo "product" "Maya Unlimited 7.0";
fileInfo "version" "7.0";
fileInfo "cutIdentifier" "200507192212-654274";
fileInfo "osv" "Microsoft Windows XP Service Pack 3 (Build 2600)\n";
createNode transform -s -n "persp";
	setAttr ".v" no;
	setAttr ".t" -type "double3" 28 21 28 ;
	setAttr ".r" -type "double3" -27.938352729602379 44.999999999999972 -4.7228827447146885e-014 ;
createNode camera -s -n "perspShape" -p "persp";
	setAttr -k off ".v" no;
	setAttr ".fl" 34.999999999999993;
	setAttr ".coi" 44.821869662029947;
	setAttr ".imn" -type "string" "persp";
	setAttr ".den" -type "string" "persp_depth";
	setAttr ".man" -type "string" "persp_mask";
	setAttr ".hc" -type "string" "viewSet -p %camera";
createNode transform -s -n "top";
	setAttr ".v" no;
	setAttr ".t" -type "double3" 0 100.1 0 ;
	setAttr ".r" -type "double3" -89.999999999999986 0 0 ;
createNode camera -s -n "topShape" -p "top";
	setAttr -k off ".v" no;
	setAttr ".rnd" no;
	setAttr ".coi" 100.1;
	setAttr ".ow" 30;
	setAttr ".imn" -type "string" "top";
	setAttr ".den" -type "string" "top_depth";
	setAttr ".man" -type "string" "top_mask";
	setAttr ".hc" -type "string" "viewSet -t %camera";
	setAttr ".o" yes;
createNode transform -s -n "front";
	setAttr ".v" no;
	setAttr ".t" -type "double3" 0 0 100.1 ;
createNode camera -s -n "frontShape" -p "front";
	setAttr -k off ".v" no;
	setAttr ".rnd" no;
	setAttr ".coi" 100.1;
	setAttr ".ow" 30;
	setAttr ".imn" -type "string" "front";
	setAttr ".den" -type "string" "front_depth";
	setAttr ".man" -type "string" "front_mask";
	setAttr ".hc" -type "string" "viewSet -f %camera";
	setAttr ".o" yes;
createNode transform -s -n "side";
	setAttr ".v" no;
	setAttr ".t" -type "double3" 100.1 0 0 ;
	setAttr ".r" -type "double3" 0 89.999999999999986 0 ;
createNode camera -s -n "sideShape" -p "side";
	setAttr -k off ".v" no;
	setAttr ".rnd" no;
	setAttr ".coi" 100.1;
	setAttr ".ow" 30;
	setAttr ".imn" -type "string" "side";
	setAttr ".den" -type "string" "side_depth";
	setAttr ".man" -type "string" "side_mask";
	setAttr ".hc" -type "string" "viewSet -s %camera";
	setAttr ".o" yes;
createNode transform -n "launcher_monitor_right";
	setAttr ".t" -type "double3" 0.10100899636745453 0.13817700743675232 -0.12544700503349304 ;
	setAttr ".r" -type "double3" 90.000495053887832 90.289860648096308 0.00049504755270005248 ;
	setAttr ".s" -type "double3" 0.99999980301286862 0.99999980301286862 -0.99999999999999989 ;
createNode transform -n "launcher_monitor_right1" -p "launcher_monitor_right";
	setAttr ".t" -type "double3" 0.10148700326681137 -0.12842200696468353 -0.140734001994133 ;
createNode mesh -n "polySurfaceShape1" -p "launcher_monitor_right1";
	setAttr -k off ".v";
	setAttr ".vir" yes;
	setAttr ".vif" yes;
	setAttr ".uvst[0].uvsn" -type "string" "map1";
	setAttr -s 104 ".uvst[0].uvsp[0:103]" -type "float2" 0.046142001 0.53689396 
		0.039606001 0.52164996 0.060265001 0.52819502 0.039133999 0.50506997 0.055604 0.50703096 
		0.070198998 0.51491201 0.066514 0.449754 0.056997001 0.46199101 0.053015001 0.442132 
		0.043646 0.46986997 0.037788998 0.45564598 0.037622001 0.440144 0.068076 0.43845898 
		0.062236998 0.42409801 0.042008001 0.42512798 0.051525999 0.41289198 0.033946998 
		0.53724098 0.019352 0.52936 0.0086789997 0.51666301 0.022802001 0.50796497 0.05342 
		0.47578198 0.065104999 0.487553 0.043485999 0.48906499 0.071640998 0.50279796 0.0089480001 
		0.450647 0.022279 0.44273502 0.018727001 0.46267498 0.032244001 0.47026497 0.0071419999 
		0.43938798 0.01267 0.42490399 0.023136999 0.41346902 0.032915998 0.42549801 0.023205999 
		0.47664201 0.033879001 0.48933798 0.012209 0.48905897 0.00655 0.50465 0.172638 0.01978898 
		0.172638 0.079288006 0.161984 0.079288006 0.161984 0.01978898 0.161985 0.086234987 
		0.161984 0.044547975 0.172638 0.044547021 0.172638 0.086234987 0.172638 0.020745993 
		0.172639 0.080245018 0.161984 0.080419004 0.161983 0.020745993 0.172637 0.086234987 
		0.172637 0.044547975 0.16198599 0.044547021 0.16198599 0.086234987 0.172638 0.013799012 
		0.161984 0.013799012 0.161984 0.087191999 0.172638 0.087191999 0.172639 0.086234987 
		0.161984 0.086234987 0.172638 0.012842 0.161983 0.012842 0.12854899 0.18577898 0.128538 
		0.12033999 0.151898 0.11281401 0.15191101 0.19086498 0.046252999 0.18577802 0.14041001 
		0.20072299 0.022479 0.20072103 0.046243001 0.12033898 0.010975 0.19086301 0.010962 
		0.11281198 0.022462999 0.10295397 0.140394 0.102956 0.127562 0.019433975 0.050229002 
		0.019433975 0.021438999 0.006995976 0.14193401 0.006995976 0.135583 0.082193971 0.135583 
		0.026484013 0.15220401 0.016025007 0.15220401 0.090335011 0.050229002 0.089244008 
		0.127562 0.089244008 0.14193401 0.099363029 0.021438999 0.099363029 0.042208999 0.026484013 
		0.042208999 0.082193971 0.011168 0.090335011 0.011168 0.016025007 0.18483201 0.075928986 
		0.184826 0.023576975 0.179627 0.023579001 0.17963301 0.075931013 0.184844 0.058232009 
		0.179645 0.05823499 0.184824 0.014609993 0.179625 0.014612019 0.123711 0.086546004 
		0.052181002 0.086546004 0.044573002 0.07981801 0.044573002 0.02935499 0.052181002 
		0.022628009 0.123711 0.022628009 0.13240799 0.02935499 0.13240799 0.07981801;
	setAttr ".cuvs" -type "string" "map1";
	setAttr ".dcc" -type "string" "Diffuse";
	setAttr ".covm[0]"  0 1 1;
	setAttr ".cdvm[0]"  0 1 1;
	setAttr -s 54 ".vt[0:53]"  -0.101535 0.110307 0.140679 -0.088711999 
		0.115579 0.140673 -0.101499 0.115574 0.153504 -0.083371997 0.128374 0.14070199 -0.088656001 
		0.12834901 0.153521 -0.101456 0.12836701 0.158849 -0.11433 0.115646 0.140717 -0.114274 
		0.128416 0.153565 -0.119602 0.12846901 0.140765 -0.101543 0.115651 0.127886 -0.114319 
		0.12849399 0.127947 -0.101519 0.12847701 0.122619 -0.088699996 0.128427 0.127902 
		-0.10144 0.14653701 0.140789 -0.101432 0.141192 0.15358201 -0.088644996 0.141197 
		0.140751 -0.114263 0.14126401 0.14079501 -0.101476 0.14127 0.127964 -0.115082 0.125572 
		0.095008001 -0.214984 0.125833 0.095181003 -0.214968 0.131963 0.095200002 -0.115066 
		0.13170201 0.095026001 -0.105207 0.125314 0.171369 -0.105324 0.125521 0.103556 -0.105308 
		0.13165 0.103574 -0.10519 0.13144401 0.171387 -0.214837 0.12557501 0.180124 -0.114935 
		0.125314 0.17995 -0.114919 0.13144401 0.179969 -0.214821 0.131704 0.180143 -0.224712 
		0.12583201 0.103763 -0.224595 0.125626 0.17157599 -0.22457901 0.13175599 0.17159501 
		-0.224696 0.131962 0.103782 -0.198305 0.142115 0.165656 -0.19839901 0.14228 0.111331 
		-0.131694 0.141941 0.16553999 -0.131788 0.142106 0.111215 -0.12869599 0.125572 0.106831 
		-0.191276 0.125735 0.106939 -0.120989 0.125379 0.163673 -0.121076 0.125532 0.113506 
		-0.191167 0.125542 0.17048299 -0.12858599 0.125379 0.170375 -0.19792201 0.125732 
		0.113639 -0.197835 0.12558 0.16380601 -0.130651 0.129862 0.108862 -0.189262 0.130015 
		0.108964 -0.123433 0.12968101 0.162099 -0.123514 0.129824 0.115114 -0.18915901 0.129834 
		0.168478 -0.130548 0.12968101 0.168376 -0.19548599 0.13001201 0.115239 -0.19540399 
		0.129869 0.16222399;
	setAttr -s 150 ".ed[0:149]"  2 1 0 1 0 0 
		0 2 0 4 3 0 3 1 0 1 4 0 
		2 4 0 5 4 0 2 5 0 6 2 0 
		0 6 0 7 5 0 2 7 0 6 7 0 
		8 7 0 6 8 0 9 6 0 0 9 0 
		10 8 0 6 10 0 9 10 0 11 10 0 
		9 11 0 1 9 0 12 11 0 9 12 0 
		1 12 0 3 12 0 15 14 0 14 13 0 
		13 15 0 5 14 0 14 4 0 15 4 0 
		15 3 0 14 16 0 16 13 0 8 16 0 
		16 7 0 14 7 0 16 17 0 17 13 0 
		11 17 0 17 10 0 16 10 0 17 15 0 
		15 12 0 17 12 0 20 19 0 19 18 0 
		18 20 0 18 21 0 21 20 0 24 23 0 
		23 22 0 22 24 0 22 25 0 25 24 0 
		28 27 0 27 26 0 26 28 0 26 29 0 
		29 28 0 32 31 0 31 30 0 30 32 0 
		30 33 0 33 32 0 18 23 0 23 21 0 
		24 21 0 20 33 0 33 19 0 30 19 0 
		22 27 0 27 25 0 28 25 0 26 31 0 
		31 29 0 32 29 0 33 35 0 35 34 0 
		34 33 0 34 32 0 29 34 0 34 36 0 
		36 29 0 36 28 0 25 36 0 36 37 0 
		37 25 0 37 24 0 21 37 0 37 35 0 
		35 21 0 35 20 0 19 39 0 39 38 0 
		38 19 0 38 18 0 23 41 0 41 40 0 
		40 23 0 40 22 0 27 43 0 43 42 0 
		42 27 0 42 26 0 31 45 0 45 44 0 
		44 31 0 44 30 0 44 39 0 39 30 0 
		38 41 0 41 18 0 42 45 0 45 26 0 
		40 43 0 43 22 0 39 47 0 47 46 0 
		46 39 0 46 38 0 41 49 0 49 48 0 
		48 41 0 48 40 0 43 51 0 51 50 0 
		50 43 0 50 42 0 45 53 0 53 52 0 
		52 45 0 52 44 0 52 47 0 47 44 0 
		46 49 0 49 38 0 50 53 0 53 42 0 
		48 51 0 51 40 0 51 53 0 53 47 0 
		51 47 0 47 49 0 51 49 0 35 36 0;
	setAttr -s 300 ".n";
	setAttr ".n[0:165]" -type "float3"  -0.00063199986 -0.7092489 0.7049579 
		0.70525283 -0.70894784 -0.003379999 -0.0026169999 -0.99999201 -0.003028 0.70832205 
		-0.0039980006 0.70587808 0.99999511 -0.0026090003 -0.0017390001 0.70525283 -0.70894784 
		-0.003379999 -0.00063199986 -0.7092489 0.7049579 0.70832205 -0.0039980006 0.70587808 
		0.70525283 -0.70894784 -0.003379999 0.0017209998 -0.0030349998 0.99999392 0.70832205 
		-0.0039980006 0.70587808 -0.00063199986 -0.7092489 0.7049579 -0.70895308 -0.70525503 
		-0.00092500006 -0.00063199986 -0.7092489 0.7049579 -0.0026169999 -0.99999201 -0.003028 
		-0.70588118 -0.00030400007 0.70833015 0.0017209998 -0.0030349998 0.99999392 -0.00063199986 
		-0.7092489 0.7049579 -0.70895308 -0.70525503 -0.00092500006 -0.70588118 -0.00030400007 
		0.70833015 -0.00063199986 -0.7092489 0.7049579 -0.99999511 0.0026100003 0.0017380001 
		-0.70588118 -0.00030400007 0.70833015 -0.70895308 -0.70525503 -0.00092500006 -0.0030740006 
		-0.70495319 -0.70924717 -0.70895308 -0.70525503 -0.00092500006 -0.0026169999 -0.99999201 
		-0.003028 -0.70832306 0.0039970004 -0.70587707 -0.99999511 0.0026100003 0.0017380001 
		-0.70895308 -0.70525503 -0.00092500006 -0.0030740006 -0.70495319 -0.70924717 -0.70832306 
		0.0039970004 -0.70587707 -0.70895308 -0.70525503 -0.00092500006 -0.0017319999 0.0030379998 
		-0.99999386 -0.70832306 0.0039970004 -0.70587707 -0.0030740006 -0.70495319 -0.70924717 
		0.70525283 -0.70894784 -0.003379999 -0.0030740006 -0.70495319 -0.70924717 -0.0026169999 
		-0.99999201 -0.003028 0.7058782 0.00030400004 -0.70833319 -0.0017319999 0.0030379998 
		-0.99999386 -0.0030740006 -0.70495319 -0.70924717 0.70525283 -0.70894784 -0.003379999 
		0.7058782 0.00030400004 -0.70833319 -0.0030740006 -0.70495319 -0.70924717 0.99999511 
		-0.0026090003 -0.0017390001 0.7058782 0.00030400004 -0.70833319 0.70525283 -0.70894784 
		-0.003379999 0.70895404 0.70525408 0.00092000008 0.0030680008 0.7049492 0.70925117 
		0.0026189997 0.99999195 0.0030419999 0.70832205 -0.0039980006 0.70587808 0.0017209998 
		-0.0030349998 0.99999392 0.0030680008 0.7049492 0.70925117 0.70895404 0.70525408 
		0.00092000008 0.70832205 -0.0039980006 0.70587808 0.0030680008 0.7049492 0.70925117 
		0.99999511 -0.0026090003 -0.0017390001 0.70832205 -0.0039980006 0.70587808 0.70895404 
		0.70525408 0.00092000008 0.0030680008 0.7049492 0.70925117 -0.70525336 0.70894736 
		0.0033710017 0.0026189997 0.99999195 0.0030419999 -0.70588118 -0.00030400007 0.70833015 
		-0.99999511 0.0026100003 0.0017380001 -0.70525336 0.70894736 0.0033710017 0.0030680008 
		0.7049492 0.70925117 -0.70588118 -0.00030400007 0.70833015 -0.70525336 0.70894736 
		0.0033710017 0.0017209998 -0.0030349998 0.99999392 -0.70588118 -0.00030400007 0.70833015 
		0.0030680008 0.7049492 0.70925117 -0.70525336 0.70894736 0.0033710017 0.00063000037 
		0.70924938 -0.70495737 0.0026189997 0.99999195 0.0030419999 -0.70832306 0.0039970004 
		-0.70587707 -0.0017319999 0.0030379998 -0.99999386 0.00063000037 0.70924938 -0.70495737 
		-0.70525336 0.70894736 0.0033710017 -0.70832306 0.0039970004 -0.70587707 0.00063000037 
		0.70924938 -0.70495737 -0.99999511 0.0026100003 0.0017380001 -0.70832306 0.0039970004 
		-0.70587707 -0.70525336 0.70894736 0.0033710017 0.00063000037 0.70924938 -0.70495737 
		0.70895404 0.70525408 0.00092000008 0.0026189997 0.99999195 0.0030419999 0.7058782 
		0.00030400004 -0.70833319 0.99999511 -0.0026090003 -0.0017390001 0.70895404 0.70525408 
		0.00092000008 0.00063000037 0.70924938 -0.70495737 0.7058782 0.00030400004 -0.70833319 
		0.70895404 0.70525408 0.00092000008 -0.0017319999 0.0030379998 -0.99999386 0.7058782 
		0.00030400004 -0.70833319 0.00063000037 0.70924938 -0.70495737 -0.0017279998 0.0030479995 
		-0.99999386 -0.0017279998 0.0030489995 -0.99999386 -0.0017289999 0.0030269998 -0.99999392 
		-0.0017289999 0.0030269998 -0.99999392 -0.0017289999 0.0030259998 -0.99999392 -0.0017279998 
		0.0030479995 -0.99999386 0.99999511 -0.0026110003 -0.0017360001 0.99999505 -0.0026120003 
		-0.0017360001 0.99999511 -0.0026090003 -0.0017360001 0.99999511 -0.0026090003 -0.0017360001 
		0.99999511 -0.0026090003 -0.0017360001 0.99999511 -0.0026110003 -0.0017360001 0.0017269998 
		-0.0030489995 0.99999386 0.0017269998 -0.0030479995 0.99999386 0.0017279997 -0.0030689996 
		0.9999938 0.0017279997 -0.0030689996 0.9999938 0.0017279997 -0.0030699996 0.9999938 
		0.0017269998 -0.0030489995 0.99999386 -0.99999505 0.0026240002 0.0017350002 -0.99999505 
		0.0026250002 0.0017350002 -0.99999511 0.0026110003 0.0017370001 -0.99999511 0.0026110003 
		0.0017370001 -0.99999511 0.0026100003 0.0017370001 -0.99999505 0.0026240002 0.0017350002 
		0.65891027 0.00054400024 -0.75222135 0.65891027 0.00054400024 -0.75222135 0.65891027 
		0.00054400024 -0.75222135 0.65892416 0.00058200012 -0.75220919 0.65892416 0.00058200012 
		-0.75220919 0.65892416 0.00058200012 -0.75220919 -0.6615082 0.004015001 -0.74992716 
		-0.6615082 0.004015001 -0.74992716 -0.6615082 0.004015001 -0.74992716 -0.66150874 
		0.0040149987 -0.74992669 -0.66150874 0.0040149987 -0.74992669 -0.66150874 0.0040149987 
		-0.74992669 0.66150612 -0.0039960006 0.74992913 0.66150612 -0.0039960006 0.74992913 
		0.66150612 -0.0039960006 0.74992913 0.66151297 -0.0040159998 0.74992299 0.66151297 
		-0.0040159998 0.74992299 0.66151297 -0.0040159998 0.74992299 -0.65891296 -0.00057899993 
		0.75221896 -0.65891296 -0.00057899993 0.75221896 -0.65891296 -0.00057899993 0.75221896 
		-0.6589151 -0.00057300011 0.75221711 -0.6589151 -0.00057300011 0.75221711 -0.6589151 
		-0.00057300011 0.75221711 -0.36611301 0.93056399 0.0034630001 -0.36611301 0.93056399 
		0.0034630001 -0.36611301 0.93056399 0.0034630001 -0.36611211 0.93056428 0.0034620012 
		-0.36611211 0.93056428 0.0034620012 -0.36611211 0.93056428 0.0034620012 0.0031310015 
		0.81035835 0.58592623 0.0031310015 0.81035835 0.58592623 0.0031310015 0.81035835 
		0.58592623 0.0031329994 0.8103528 0.58593386 0.0031329994 0.8103528 0.58593386 0.0031329994 
		0.8103528 0.58593386 0.36781013 0.92989832 0.0021920006 0.36781013 0.92989832 0.0021920006 
		0.36781013 0.92989832 0.0021920006 0.36780894 0.9298988 0.0021919995 0.36780894 0.9298988 
		0.0021919995 0.36780894 0.9298988 0.0021919995 0.0012610005 0.84183329 -0.53973615 
		0.0012610005 0.84183329 -0.53973615 0.0012610005 0.84183329 -0.53973615 0.0012600003 
		0.84183013 -0.53974104;
	setAttr ".n[166:299]" -type "float3"  0.0012600003 0.84183013 -0.53974104 
		0.0012600003 0.84183013 -0.53974104 -0.0026159997 -0.99999195 -0.0030399999 -0.0026159997 
		-0.99999195 -0.0030399999 -0.0026159997 -0.99999195 -0.0030399999 -0.0026159997 -0.99999195 
		-0.0030389999 -0.0026159997 -0.99999195 -0.0030389999 -0.0026159997 -0.99999195 -0.0030389999 
		-0.0026130001 -0.99999195 -0.0030350001 -0.0026130001 -0.99999195 -0.0030350001 -0.0026130001 
		-0.99999195 -0.0030350001 -0.0026169997 -0.99999195 -0.0030359998 -0.0026169997 -0.99999195 
		-0.0030359998 -0.0026169997 -0.99999195 -0.0030359998 -0.0026169997 -0.99999195 -0.0030389999 
		-0.0026169997 -0.99999195 -0.0030389999 -0.0026169997 -0.99999195 -0.0030389999 -0.0026159997 
		-0.99999195 -0.0030429997 -0.0026159997 -0.99999195 -0.0030429997 -0.0026159997 -0.99999195 
		-0.0030429997 -0.0026169997 -0.99999195 -0.0030359998 -0.0026169997 -0.99999195 -0.0030359998 
		-0.0026169997 -0.99999195 -0.0030359998 -0.0026159999 -0.99999195 -0.0030359998 -0.0026159999 
		-0.99999195 -0.0030359998 -0.0026159999 -0.99999195 -0.0030359998 -0.27022105 0.91278416 
		-0.30627707 -0.27022105 0.91278416 -0.30627707 -0.27022105 0.91278416 -0.30627707 
		0.27223191 0.91252267 -0.30527392 0.27223191 0.91252267 -0.30527392 0.27223191 0.91252267 
		-0.30527392 -0.28172308 0.90203422 0.32705709 -0.28172308 0.90203422 0.32705709 -0.28172308 
		0.90203422 0.32705709 0.28572702 0.90188414 0.32398307 0.28572702 0.90188414 0.32398307 
		0.28572702 0.90188414 0.32398307 -0.0026169999 -0.99999195 -0.003032 -0.0026169999 
		-0.99999195 -0.003032 -0.0026169999 -0.99999195 -0.003032 -0.0026169997 -0.99999195 
		-0.0030389999 -0.0026169997 -0.99999195 -0.0030389999 -0.0026169997 -0.99999195 -0.0030389999 
		-0.0026189997 -0.99999195 -0.0030419999 -0.0026189997 -0.99999195 -0.0030419999 -0.0026189997 
		-0.99999195 -0.0030419999 -0.0026179997 -0.99999195 -0.0030419999 -0.0026179997 -0.99999195 
		-0.0030419999 -0.0026179997 -0.99999195 -0.0030419999 -0.0026140001 -0.99999195 -0.0030379998 
		-0.0026140001 -0.99999195 -0.0030379998 -0.0026140001 -0.99999195 -0.0030379998 -0.0026189997 
		-0.99999195 -0.0030429997 -0.0026189997 -0.99999195 -0.0030429997 -0.0026189997 -0.99999195 
		-0.0030429997 -0.0026149997 -0.99999195 -0.0030389999 -0.0026149997 -0.99999195 -0.0030389999 
		-0.0026149997 -0.99999195 -0.0030389999 -0.0026139999 -0.99999195 -0.0030419999 -0.0026139999 
		-0.99999195 -0.0030419999 -0.0026139999 -0.99999195 -0.0030419999 0.00045199989 -0.42781591 
		0.90386575 0.00045199989 -0.42781591 0.90386575 0.00045199989 -0.42781591 0.90386575 
		0.00045100015 -0.42780215 0.90387231 0.00045100015 -0.42780215 0.90387231 0.00045100015 
		-0.42780215 0.90387231 -0.86954159 -0.49385977 -9.9999954e-007 -0.86954159 -0.49385977 
		-9.9999954e-007 -0.86954159 -0.49385977 -9.9999954e-007 -0.86953223 -0.49387616 1.0000003e-006 
		-0.86953223 -0.49387616 1.0000003e-006 -0.86953223 -0.49387616 1.0000003e-006 -0.0026780004 
		-0.42234305 -0.90643209 -0.0026780004 -0.42234305 -0.90643209 -0.0026780004 -0.42234305 
		-0.90643209 -0.0026770013 -0.42232722 -0.90643948 -0.0026770013 -0.42232722 -0.90643948 
		-0.0026770013 -0.42232722 -0.90643948 0.86956584 -0.49380788 -0.0030029994 0.86956584 
		-0.49380788 -0.0030029994 0.86956584 -0.49380788 -0.0030029994 0.86955851 -0.49382073 
		-0.0030049984 0.86955851 -0.49382073 -0.0030049984 0.86955851 -0.49382073 -0.0030049984 
		0.59069198 -0.55510402 0.58561301 0.59069198 -0.55510402 0.58561301 0.59069198 -0.55510402 
		0.58561301 0.59069204 -0.55509007 0.58562607 0.59069204 -0.55509007 0.58562607 0.59069204 
		-0.55509007 0.58562607 -0.55245084 -0.54881585 0.62737483 -0.55245084 -0.54881585 
		0.62737483 -0.55245084 -0.54881585 0.62737483 -0.55245018 -0.5488162 0.62737519 -0.55245018 
		-0.5488162 0.62737519 -0.55245018 -0.5488162 0.62737519 0.5886609 -0.55152595 -0.59101391 
		0.5886609 -0.55152595 -0.59101391 0.5886609 -0.55152595 -0.59101391 0.58865112 -0.55153614 
		-0.59101415 0.58865112 -0.55153614 -0.59101415 0.58865112 -0.55153614 -0.59101415 
		-0.55462205 -0.54497808 -0.62880307 -0.55462205 -0.54497808 -0.62880307 -0.55462205 
		-0.54497808 -0.62880307 -0.55462325 -0.54502624 -0.62876028 -0.55462325 -0.54502624 
		-0.62876028 -0.55462325 -0.54502624 -0.62876028 -0.0026169999 -0.99999195 -0.003032 
		-0.0026169999 -0.99999195 -0.003032 -0.0026169999 -0.99999195 -0.003032 -0.002593 
		-0.99999201 -0.0030350001 -0.002593 -0.99999201 -0.0030350001 -0.002593 -0.99999201 
		-0.0030350001 -0.0026159997 -0.99999195 -0.0030379998 -0.0026159997 -0.99999195 -0.0030379998 
		-0.0026159997 -0.99999195 -0.0030379998 -0.0026159999 -0.99999201 -0.003029 -0.0026159999 
		-0.99999201 -0.003029 -0.0026159999 -0.99999201 -0.003029 -0.0026149997 -0.99999195 
		-0.0030379998 -0.0026149997 -0.99999195 -0.0030379998 -0.0026149997 -0.99999195 -0.0030379998 
		-0.0026110001 -0.99999195 -0.0030380001 -0.0026110001 -0.99999195 -0.0030380001 -0.0026110001 
		-0.99999195 -0.0030380001 0.0026159997 0.99999195 0.0030369998 0.0026159997 0.99999195 
		0.0030369998 0.0026159997 0.99999195 0.0030369998 0.0026169997 0.99999195 0.0030359998 
		0.0026169997 0.99999195 0.0030359998 0.0026169997 0.99999195 0.0030359998;
	setAttr -s 100 ".fc[0:99]" -type "polyFaces" 
		f 3 0 1 2 
		mu 0 3 2 1 0 
		f 3 3 4 5 
		mu 0 3 4 3 1 
		f 3 6 -6 -1 
		mu 0 3 2 4 1 
		f 3 7 -7 8 
		mu 0 3 5 4 2 
		f 3 9 -3 10 
		mu 0 3 8 7 6 
		f 3 11 -9 12 
		mu 0 3 10 9 7 
		f 3 13 -13 -10 
		mu 0 3 8 10 7 
		f 3 14 -14 15 
		mu 0 3 11 10 8 
		f 3 16 -11 17 
		mu 0 3 13 8 12 
		f 3 18 -16 19 
		mu 0 3 14 11 8 
		f 3 20 -20 -17 
		mu 0 3 13 14 8 
		f 3 21 -21 22 
		mu 0 3 15 14 13 
		f 3 23 -18 -2 
		mu 0 3 1 17 16 
		f 3 24 -23 25 
		mu 0 3 19 18 17 
		f 3 26 -26 -24 
		mu 0 3 1 19 17 
		f 3 27 -27 -5 
		mu 0 3 3 19 1 
		f 3 28 29 30 
		mu 0 3 22 21 20 
		f 3 -8 31 32 
		mu 0 3 4 23 21 
		f 3 33 -33 -29 
		mu 0 3 22 4 21 
		f 3 -4 -34 34 
		mu 0 3 3 4 22 
		f 3 35 36 -30 
		mu 0 3 26 25 24 
		f 3 -15 37 38 
		mu 0 3 10 11 25 
		f 3 39 -39 -36 
		mu 0 3 26 10 25 
		f 3 -12 -40 -32 
		mu 0 3 27 10 26 
		f 3 40 41 -37 
		mu 0 3 25 29 28 
		f 3 -22 42 43 
		mu 0 3 31 30 29 
		f 3 44 -44 -41 
		mu 0 3 25 31 29 
		f 3 -19 -45 -38 
		mu 0 3 11 31 25 
		f 3 45 -31 -42 
		mu 0 3 34 33 32 
		f 3 -28 -35 46 
		mu 0 3 19 3 33 
		f 3 47 -47 -46 
		mu 0 3 34 19 33 
		f 3 -25 -48 -43 
		mu 0 3 35 19 34 
		f 3 48 49 50 
		mu 0 3 38 37 36 
		f 3 51 52 -51 
		mu 0 3 36 39 38 
		f 3 53 54 55 
		mu 0 3 42 41 40 
		f 3 56 57 -56 
		mu 0 3 40 43 42 
		f 3 58 59 60 
		mu 0 3 46 45 44 
		f 3 61 62 -61 
		mu 0 3 44 47 46 
		f 3 63 64 65 
		mu 0 3 50 49 48 
		f 3 66 67 -66 
		mu 0 3 48 51 50 
		f 3 -52 68 69 
		mu 0 3 39 36 52 
		f 3 -54 70 -70 
		mu 0 3 52 53 39 
		f 3 -49 71 72 
		mu 0 3 37 38 54 
		f 3 -67 73 -73 
		mu 0 3 54 55 37 
		f 3 -57 74 75 
		mu 0 3 57 56 45 
		f 3 -59 76 -76 
		mu 0 3 45 46 57 
		f 3 -62 77 78 
		mu 0 3 47 44 58 
		f 3 -64 79 -79 
		mu 0 3 58 59 47 
		f 3 80 81 82 
		mu 0 3 62 61 60 
		f 3 83 -68 -83 
		mu 0 3 60 63 62 
		f 3 84 85 86 
		mu 0 3 65 60 64 
		f 3 87 -63 -87 
		mu 0 3 64 66 65 
		f 3 88 89 90 
		mu 0 3 68 64 67 
		f 3 91 -58 -91 
		mu 0 3 67 69 68 
		f 3 92 93 94 
		mu 0 3 70 67 61 
		f 3 95 -53 -95 
		mu 0 3 61 71 70 
		f 3 96 97 98 
		mu 0 3 74 73 72 
		f 3 99 -50 -99 
		mu 0 3 72 75 74 
		f 3 100 101 102 
		mu 0 3 78 77 76 
		f 3 103 -55 -103 
		mu 0 3 76 79 78 
		f 3 104 105 106 
		mu 0 3 82 81 80 
		f 3 107 -60 -107 
		mu 0 3 80 83 82 
		f 3 108 109 110 
		mu 0 3 86 85 84 
		f 3 111 -65 -111 
		mu 0 3 84 87 86 
		f 3 -81 -72 -96 
		mu 0 3 61 62 71 
		f 3 -93 -71 -92 
		mu 0 3 67 70 69 
		f 3 -85 -80 -84 
		mu 0 3 60 65 63 
		f 3 -89 -77 -88 
		mu 0 3 64 68 66 
		f 3 -112 112 113 
		mu 0 3 87 84 73 
		f 3 -97 -74 -114 
		mu 0 3 73 74 87 
		f 3 -100 114 115 
		mu 0 3 75 72 77 
		f 3 -101 -69 -116 
		mu 0 3 77 78 75 
		f 3 -108 116 117 
		mu 0 3 83 80 85 
		f 3 -109 -78 -118 
		mu 0 3 85 86 83 
		f 3 -104 118 119 
		mu 0 3 79 76 81 
		f 3 -105 -75 -120 
		mu 0 3 81 82 79 
		f 3 120 121 122 
		mu 0 3 90 89 88 
		f 3 123 -98 -123 
		mu 0 3 88 91 90 
		f 3 124 125 126 
		mu 0 3 90 89 92 
		f 3 127 -102 -127 
		mu 0 3 92 93 90 
		f 3 128 129 130 
		mu 0 3 90 89 88 
		f 3 131 -106 -131 
		mu 0 3 88 91 90 
		f 3 132 133 134 
		mu 0 3 90 89 92 
		f 3 135 -110 -135 
		mu 0 3 92 93 90 
		f 3 -136 136 137 
		mu 0 3 95 94 89 
		f 3 -121 -113 -138 
		mu 0 3 89 90 95 
		f 3 -124 138 139 
		mu 0 3 95 94 89 
		f 3 -125 -115 -140 
		mu 0 3 89 90 95 
		f 3 -132 140 141 
		mu 0 3 95 94 89 
		f 3 -133 -117 -142 
		mu 0 3 89 90 95 
		f 3 -128 142 143 
		mu 0 3 95 94 89 
		f 3 -129 -119 -144 
		mu 0 3 89 90 95 
		f 3 -141 -130 144 
		mu 0 3 98 97 96 
		f 3 -137 -134 145 
		mu 0 3 100 99 98 
		f 3 -146 -145 146 
		mu 0 3 100 98 96 
		f 3 -139 -122 147 
		mu 0 3 102 101 100 
		f 3 -148 -147 148 
		mu 0 3 102 100 96 
		f 3 -126 -149 -143 
		mu 0 3 103 102 96 
		f 3 -86 -82 149 
		mu 0 3 64 60 61 
		f 3 -94 -90 -150 
		mu 0 3 61 67 64 ;
	setAttr ".cd" -type "dataPolyComponent" Index_Data Edge 0 ;
	setAttr ".ndt" 0;
createNode transform -n "launcher_rotator";
	setAttr ".t" -type "double3" 0.0002840000088326633 0.12356399744749069 0.036544997245073318 ;
	setAttr ".r" -type "double3" -90.000002504478161 0 0 ;
	setAttr ".s" -type "double3" 1 0.99999999999999989 0.99999999999999989 ;
createNode transform -n "launcher_rotator3" -p "launcher_rotator";
	setAttr ".t" -type "double3" -0.0002840000088326633 0.036545000970363617 -0.12356399744749069 ;
createNode mesh -n "polySurfaceShape2" -p "launcher_rotator3";
	setAttr -k off ".v";
	setAttr ".vir" yes;
	setAttr ".vif" yes;
	setAttr ".uvst[0].uvsn" -type "string" "map1";
	setAttr -s 29 ".uvst[0].uvsp[0:28]" -type "float2" 0.070519 0.78047699 
		0.042608 0.760589 0.044613 0.78047699 0.072524004 0.76059002 0.0081660002 0.78095001 
		0.0046629999 0.76749301 0.0046120002 0.77469099 0.014566 0.75773102 0.0083069997 
		0.76128501 0.027970999 0.76142597 0.021764001 0.757783 0.031474002 0.77488303 0.031525999 
		0.767685 0.021571999 0.78464502 0.027830999 0.78109097 0.014374 0.784594 0.103303 
		0.85177201 0.053934 0.83816397 0.089884996 0.87463301 0.066834003 0.88772297 0.040325999 
		0.88753301 0.017464999 0.87411499 0.004375 0.85106397 0.0045650001 0.82455701 0.017983001 
		0.80169499 0.041034002 0.78860599 0.067541003 0.78879499 0.090402998 0.80221301 0.103492 
		0.82526398;
	setAttr ".cuvs" -type "string" "map1";
	setAttr ".dcc" -type "string" "Diffuse";
	setAttr ".covm[0]"  0 1 1;
	setAttr ".cdvm[0]"  0 1 1;
	setAttr -s 50 ".vt[0:49]"  -0.109301 -0.056607001 0.13522001 -0.097465999 
		-0.063190997 0.123605 -0.109329 -0.059617002 0.123658 -0.097433999 -0.059714999 0.13695601 
		-0.109281 -0.048220001 0.143728 -0.097410001 -0.050028998 0.146781 -0.109272 -0.036702 
		0.14690199 -0.097400002 -0.036727998 0.150447 -0.109279 -0.025140001 0.14389201 -0.097407997 
		-0.023375999 0.146971 -0.109298 -0.016632 0.13550401 -0.097429998 -0.013552 0.13728499 
		-0.109325 -0.013458 0.123986 -0.097461 -0.0098860003 0.123984 -0.109352 -0.016468 
		0.112425 -0.097493 -0.013362 0.110632 -0.109373 -0.024855999 0.103917 -0.097516999 
		-0.023048 0.100808 -0.109381 -0.036373999 0.100743 -0.097525999 -0.036348999 0.097142003 
		-0.109375 -0.047935002 0.103753 -0.097519003 -0.049701001 0.100618 -0.109355 -0.056442998 
		0.11214 -0.097497001 -0.059525002 0.110304 -0.109327 -0.036538001 0.123822 0.109921 
		-0.056621999 0.134703 0.098029003 -0.063203998 0.123144 0.098061003 -0.059728 0.13649601 
		0.109893 -0.059632 0.123142 0.109941 -0.048234001 0.14321101 0.098085001 -0.050042 
		0.146321 0.109949 -0.036715999 0.146385 0.098095 -0.036741 0.149986 0.109943 -0.025155 
		0.14337499 0.098086998 -0.023389 0.14651 0.109924 -0.016647 0.134988 0.098064996 
		-0.013565 0.136824 0.109897 -0.013473 0.12347 0.098034002 -0.0098989997 0.123523 
		0.10987 -0.016483 0.111908 0.098002002 -0.013375 0.110172 0.109849 -0.024870001 0.1034 
		0.097979002 -0.023061 0.100347 0.109841 -0.036387999 0.100226 0.097969003 -0.036362 
		0.096680999 0.109847 -0.04795 0.103236 0.097975999 -0.049713999 0.100157 0.109866 
		-0.056458 0.111624 0.097998001 -0.059537999 0.109844 0.109895 -0.036552001 0.123306;
	setAttr -s 138 ".ed[0:137]"  2 1 0 1 0 0 
		0 2 0 3 0 0 1 3 0 3 4 0 
		4 0 0 5 4 0 3 5 0 5 6 0 
		6 4 0 7 6 0 5 7 0 7 8 0 
		8 6 0 9 8 0 7 9 0 9 10 0 
		10 8 0 11 10 0 9 11 0 11 12 0 
		12 10 0 13 12 0 11 13 0 13 14 0 
		14 12 0 15 14 0 13 15 0 15 16 0 
		16 14 0 17 16 0 15 17 0 17 18 0 
		18 16 0 19 18 0 17 19 0 19 20 0 
		20 18 0 21 20 0 19 21 0 21 22 0 
		22 20 0 23 22 0 21 23 0 23 2 0 
		2 22 0 23 1 0 1 5 0 21 1 0 
		17 21 0 17 1 0 13 17 0 9 13 0 
		9 17 0 9 1 0 9 5 0 0 24 0 
		24 2 0 4 24 0 6 24 0 8 24 0 
		10 24 0 12 24 0 14 24 0 16 24 0 
		18 24 0 20 24 0 22 24 0 27 26 0 
		26 25 0 25 27 0 28 25 0 26 28 0 
		30 27 0 27 29 0 29 30 0 25 29 0 
		32 30 0 30 31 0 31 32 0 29 31 0 
		34 32 0 32 33 0 33 34 0 31 33 0 
		36 34 0 34 35 0 35 36 0 33 35 0 
		38 36 0 36 37 0 37 38 0 35 37 0 
		40 38 0 38 39 0 39 40 0 37 39 0 
		42 40 0 40 41 0 41 42 0 39 41 0 
		44 42 0 42 43 0 43 44 0 41 43 0 
		46 44 0 44 45 0 45 46 0 43 45 0 
		48 46 0 46 47 0 47 48 0 45 47 0 
		26 48 0 48 28 0 47 28 0 34 30 0 
		38 34 0 42 38 0 42 34 0 46 42 0 
		26 46 0 26 42 0 26 34 0 26 30 0 
		49 25 0 28 49 0 49 29 0 49 31 0 
		49 33 0 49 35 0 49 37 0 49 39 0 
		49 41 0 49 43 0 49 45 0 49 47 0;
	setAttr -s 276 ".n";
	setAttr ".n[0:165]" -type "float3"  -0.28845006 -0.95747524 -0.0061400016 
		-0.28844798 -0.9574759 -0.0061329994 -0.28730586 -0.83259958 0.47353277 -0.28730407 
		-0.83260113 0.4735311 -0.28730586 -0.83259958 0.47353277 -0.28844798 -0.9574759 -0.0061329994 
		-0.28730586 -0.83259958 0.47353277 -0.28730407 -0.83260113 0.4735311 -0.28644004 
		-0.48461303 0.82650006 -0.286448 -0.484622 0.82649201 -0.28644004 -0.48461303 0.82650006 
		-0.28730407 -0.83260113 0.4735311 -0.28644004 -0.48461303 0.82650006 -0.286448 -0.484622 
		0.82649201 -0.28612113 -0.0067920028 0.9581694 -0.28612596 -0.0067949989 0.95816791 
		-0.28612113 -0.0067920028 0.9581694 -0.286448 -0.484622 0.82649201 -0.28612113 -0.0067920028 
		0.9581694 -0.28612596 -0.0067949989 0.95816791 -0.28638104 0.47286907 0.83329511 
		-0.28637505 0.4728761 0.8332932 -0.28638104 0.47286907 0.83329511 -0.28612596 -0.0067949989 
		0.95816791 -0.28638104 0.47286907 0.83329511 -0.28637505 0.4728761 0.8332932 -0.28716901 
		0.82583201 0.48532 -0.28716987 0.82583064 0.48532179 -0.28716901 0.82583201 0.48532 
		-0.28637505 0.4728761 0.8332932 -0.28716901 0.82583201 0.48532 -0.28716987 0.82583064 
		0.48532179 -0.28828996 0.95751387 0.0074879993 -0.28829205 0.95751321 0.0074930019 
		-0.28828996 0.95751387 0.0074879993 -0.28716987 0.82583064 0.48532179 -0.28828996 
		0.95751387 0.0074879993 -0.28829205 0.95751321 0.0074930019 -0.28942794 0.83264089 
		-0.47216591 -0.2894229 0.83263868 -0.47217286 -0.28942794 0.83264089 -0.47216591 
		-0.28829205 0.95751321 0.0074930019 -0.28942794 0.83264089 -0.47216591 -0.2894229 
		0.83263868 -0.47217286 -0.29026493 0.4846499 -0.82514286 -0.29026911 0.48466021 -0.82513535 
		-0.29026493 0.4846499 -0.82514286 -0.2894229 0.83263868 -0.47217286 -0.29026493 0.4846499 
		-0.82514286 -0.29026911 0.48466021 -0.82513535 -0.29062399 0.0068329996 -0.95681292 
		-0.29062608 0.006833002 -0.95681232 -0.29062399 0.0068329996 -0.95681292 -0.29026911 
		0.48466021 -0.82513535 -0.29062399 0.0068329996 -0.95681292 -0.29062608 0.006833002 
		-0.95681232 -0.29035494 -0.47283387 -0.8319388 -0.29034996 -0.47284195 -0.83193594 
		-0.29035494 -0.47283387 -0.8319388 -0.29062608 0.006833002 -0.95681232 -0.29035494 
		-0.47283387 -0.8319388 -0.29034996 -0.47284195 -0.83193594 -0.28956002 -0.82579106 
		-0.48396704 -0.28956097 -0.82579195 -0.48396498 -0.28956002 -0.82579106 -0.48396704 
		-0.29034996 -0.47284195 -0.83193594 -0.28956002 -0.82579106 -0.48396704 -0.28956097 
		-0.82579195 -0.48396498 -0.28845006 -0.95747524 -0.0061400016 -0.28844798 -0.9574759 
		-0.0061329994 -0.28845006 -0.95747524 -0.0061400016 -0.28956097 -0.82579195 -0.48396498 
		0.9999972 -6.9000016e-005 -0.0023550005 0.9999972 -6.8000016e-005 -0.0023560005 0.9999972 
		-6.9000016e-005 -0.0023570005 0.9999972 -6.5000015e-005 -0.0023550005 0.9999972 -6.9000016e-005 
		-0.0023560005 0.9999972 -6.8000016e-005 -0.0023560005 0.99999726 -6.9000016e-005 
		-0.0023460004 0.9999972 -6.8000016e-005 -0.0023550005 0.9999972 -6.9000016e-005 -0.0023560005 
		0.9999972 -6.9000016e-005 -0.0023560005 0.9999972 -6.8000016e-005 -0.0023550005 0.9999972 
		-6.8000016e-005 -0.0023560005 0.9999972 -6.4000014e-005 -0.0023570005 0.9999972 -6.6000015e-005 
		-0.0023560005 0.9999972 -6.8000016e-005 -0.0023550005 0.9999972 -7.2000017e-005 -0.0023590005 
		0.9999972 -6.8000016e-005 -0.0023570005 0.9999972 -6.6000015e-005 -0.0023560005 0.9999972 
		-6.6000015e-005 -0.0023560005 0.9999972 -6.8000016e-005 -0.0023570005 0.9999972 -6.8000016e-005 
		-0.0023550005 0.9999972 -6.8000016e-005 -0.0023550005 0.9999972 -6.8000016e-005 -0.0023570005 
		0.9999972 -6.8000016e-005 -0.0023560005 0.9999972 -6.8000016e-005 -0.0023560005 0.9999972 
		-6.8000016e-005 -0.0023570005 0.9999972 -6.9000016e-005 -0.0023570005 0.9999972 -6.8000016e-005 
		-0.0023570005 0.9999972 -6.8000016e-005 -0.0023720004 0.9999972 -6.9000016e-005 -0.0023570005 
		-0.9999972 6.7000015e-005 0.0023580005 -0.9999972 6.7000015e-005 0.0023580005 -0.9999972 
		6.7000015e-005 0.0023580005 -0.9999972 6.7000015e-005 0.0023580005 -0.9999972 6.7000015e-005 
		0.0023580005 -0.9999972 6.7000015e-005 0.0023580005 -0.9999972 6.7000015e-005 0.0023570005 
		-0.9999972 6.7000015e-005 0.0023570005 -0.9999972 6.7000015e-005 0.0023570005 -0.9999972 
		6.9000016e-005 0.0023570005 -0.9999972 6.9000016e-005 0.0023570005 -0.9999972 6.9000016e-005 
		0.0023570005 -0.9999972 6.6000015e-005 0.0023590005 -0.9999972 6.6000015e-005 0.0023590005 
		-0.9999972 6.6000015e-005 0.0023590005 -0.99999726 7.0000016e-005 0.0023520004 -0.99999726 
		7.0000016e-005 0.0023520004 -0.99999726 7.0000016e-005 0.0023520004 -0.9999972 7.0000016e-005 
		0.0023570005 -0.9999972 7.0000016e-005 0.0023570005 -0.9999972 7.0000016e-005 0.0023570005 
		-0.9999972 6.9000016e-005 0.0023550005 -0.9999972 6.9000016e-005 0.0023550005 -0.9999972 
		6.9000016e-005 0.0023550005 -0.9999972 6.8000016e-005 0.0023550005 -0.9999972 6.8000016e-005 
		0.0023550005 -0.9999972 6.8000016e-005 0.0023550005 -0.9999972 6.7000015e-005 0.0023550005 
		-0.9999972 6.7000015e-005 0.0023550005 -0.9999972 6.7000015e-005 0.0023550005 -0.9999972 
		6.5000015e-005 0.0023560005 -0.9999972 6.5000015e-005 0.0023560005 -0.9999972 6.5000015e-005 
		0.0023560005 -0.99999726 6.8000016e-005 0.0023510004 -0.99999726 6.8000016e-005 0.0023510004 
		-0.99999726 6.8000016e-005 0.0023510004 0.28942394 -0.83263886 0.47217193 0.28829089 
		-0.95751357 -0.0074909967 0.28942701 -0.83263999 0.472168 0.2882939 -0.95751268 -0.0074929977 
		0.28942701 -0.83263999 0.472168 0.28829089 -0.95751357 -0.0074909967 0.29027984 -0.48466372 
		0.82512951 0.28942394 -0.83263886 0.47217193 0.29027906 -0.4846631 0.82513016 0.28942701 
		-0.83263999 0.472168 0.29027906 -0.4846631 0.82513016 0.28942394 -0.83263886 0.47217193 
		0.29062793 -0.0068269982 0.95681179 0.29027984 -0.48466372 0.82512951 0.2906231 -0.0068200021 
		0.95681328 0.29027906 -0.4846631 0.82513016 0.2906231 -0.0068200021 0.95681328 0.29027984 
		-0.48466372 0.82512951 0.29037207 0.47282612 0.83193719 0.29062793 -0.0068269982 
		0.95681179 0.29037222 0.47282532 0.83193761 0.2906231 -0.0068200021 0.95681328 0.29037222 
		0.47282532 0.83193761 0.29062793 -0.0068269982 0.95681179 0.28956199 0.82579392 0.48396096 
		0.29037207 0.47282612 0.83193719 0.2895658 0.82579041 0.48396468 0.29037222 0.47282532 
		0.83193761;
	setAttr ".n[166:275]" -type "float3"  0.2895658 0.82579041 0.48396468 0.29037207 
		0.47282612 0.83193719 0.28845009 0.9574753 0.0061310017 0.28956199 0.82579392 0.48396096 
		0.28845009 0.9574753 0.006132002 0.2895658 0.82579041 0.48396468 0.28845009 0.9574753 
		0.006132002 0.28956199 0.82579392 0.48396096 0.28730798 0.83259988 -0.47353095 0.28845009 
		0.9574753 0.0061310017 0.28731206 0.83260119 -0.47352612 0.28845009 0.9574753 0.006132002 
		0.28731206 0.83260119 -0.47352612 0.28845009 0.9574753 0.0061310017 0.28644496 0.48462394 
		-0.82649195 0.28730798 0.83259988 -0.47353095 0.28644201 0.48461699 -0.82649702 0.28731206 
		0.83260119 -0.47352612 0.28644201 0.48461699 -0.82649702 0.28730798 0.83259988 -0.47353095 
		0.28611597 0.0067939991 -0.95817089 0.28644496 0.48462394 -0.82649195 0.28611413 
		0.0067950031 -0.95817143 0.28644201 0.48461699 -0.82649702 0.28611413 0.0067950031 
		-0.95817143 0.28644496 0.48462394 -0.82649195 0.28636715 -0.47288224 -0.83329242 
		0.28611597 0.0067939991 -0.95817089 0.28636712 -0.47288418 -0.83329129 0.28611413 
		0.0067950031 -0.95817143 0.28636712 -0.47288418 -0.83329129 0.28611597 0.0067939991 
		-0.95817089 0.28717893 -0.82582682 -0.48532289 0.28636715 -0.47288224 -0.83329242 
		0.28717306 -0.82583112 -0.48531908 0.28636712 -0.47288418 -0.83329129 0.28717306 
		-0.82583112 -0.48531908 0.28636715 -0.47288224 -0.83329242 0.28829089 -0.95751357 
		-0.0074909967 0.28717893 -0.82582682 -0.48532289 0.2882939 -0.95751268 -0.0074929977 
		0.28717306 -0.82583112 -0.48531908 0.2882939 -0.95751268 -0.0074929977 0.28717893 
		-0.82582682 -0.48532289 -0.9999972 6.9000016e-005 0.0023690006 -0.9999972 6.8000016e-005 
		0.0023560005 -0.9999972 6.8000016e-005 0.0023550005 -0.9999972 6.5000015e-005 0.0023540005 
		-0.9999972 6.5000015e-005 0.0023550005 -0.9999972 6.8000016e-005 0.0023560005 -0.9999972 
		5.7000012e-005 0.0023600005 -0.9999972 6.7000015e-005 0.0023570005 -0.9999972 6.5000015e-005 
		0.0023550005 -0.9999972 6.5000015e-005 0.0023550005 -0.9999972 6.7000015e-005 0.0023570005 
		-0.9999972 6.8000016e-005 0.0023560005 -0.9999972 7.0000016e-005 0.0023600005 -0.9999972 
		7.0000016e-005 0.0023590005 -0.9999972 6.7000015e-005 0.0023570005 -0.9999972 7.0000016e-005 
		0.0023580005 -0.9999972 6.8000016e-005 0.0023560005 -0.9999972 7.0000016e-005 0.0023590005 
		-0.9999972 7.0000016e-005 0.0023590005 -0.9999972 6.8000016e-005 0.0023560005 -0.9999972 
		6.7000015e-005 0.0023570005 -0.9999972 6.7000015e-005 0.0023570005 -0.9999972 6.8000016e-005 
		0.0023560005 -0.9999972 6.8000016e-005 0.0023560005 -0.9999972 6.8000016e-005 0.0023560005 
		-0.9999972 6.8000016e-005 0.0023560005 -0.9999972 6.8000016e-005 0.0023550005 -0.9999972 
		6.8000016e-005 0.0023560005 -0.9999972 6.2000014e-005 0.0023570005 -0.9999972 6.8000016e-005 
		0.0023550005 0.9999972 -6.5000015e-005 -0.0023570005 0.9999972 -6.5000015e-005 -0.0023570005 
		0.9999972 -6.5000015e-005 -0.0023570005 0.9999972 -6.5000015e-005 -0.0023560005 0.9999972 
		-6.5000015e-005 -0.0023560005 0.9999972 -6.5000015e-005 -0.0023560005 0.9999972 -6.8000016e-005 
		-0.0023580005 0.9999972 -6.8000016e-005 -0.0023580005 0.9999972 -6.8000016e-005 -0.0023580005 
		0.9999972 -6.5000015e-005 -0.0023580005 0.9999972 -6.5000015e-005 -0.0023580005 0.9999972 
		-6.5000015e-005 -0.0023580005 0.9999972 -6.8000016e-005 -0.0023570005 0.9999972 -6.8000016e-005 
		-0.0023570005 0.9999972 -6.8000016e-005 -0.0023570005 0.9999972 -6.8000016e-005 -0.0023560005 
		0.9999972 -6.8000016e-005 -0.0023560005 0.9999972 -6.8000016e-005 -0.0023560005 0.9999972 
		-6.8000016e-005 -0.0023580005 0.9999972 -6.8000016e-005 -0.0023580005 0.9999972 -6.8000016e-005 
		-0.0023580005 0.99999726 -6.3000014e-005 -0.0023480004 0.99999726 -6.3000014e-005 
		-0.0023480004 0.99999726 -6.3000014e-005 -0.0023480004 0.9999972 -7.2000017e-005 
		-0.0023540005 0.9999972 -7.2000017e-005 -0.0023540005 0.9999972 -7.2000017e-005 -0.0023540005 
		0.9999972 -6.5000015e-005 -0.0023540005 0.9999972 -6.5000015e-005 -0.0023540005 0.9999972 
		-6.5000015e-005 -0.0023540005 0.99999726 -6.8000016e-005 -0.0023520004 0.99999726 
		-6.8000016e-005 -0.0023520004 0.99999726 -6.8000016e-005 -0.0023520004 0.9999972 
		-6.5000015e-005 -0.0023570005 0.9999972 -6.5000015e-005 -0.0023570005 0.9999972 -6.5000015e-005 
		-0.0023570005;
	setAttr -s 92 ".fc[0:91]" -type "polyFaces" 
		f 3 0 1 2 
		mu 0 3 2 1 0 
		f 3 3 -2 4 
		mu 0 3 3 0 1 
		f 3 -4 5 6 
		mu 0 3 2 1 0 
		f 3 7 -6 8 
		mu 0 3 3 0 1 
		f 3 -8 9 10 
		mu 0 3 2 1 0 
		f 3 11 -10 12 
		mu 0 3 3 0 1 
		f 3 -12 13 14 
		mu 0 3 2 1 0 
		f 3 15 -14 16 
		mu 0 3 3 0 1 
		f 3 -16 17 18 
		mu 0 3 2 1 0 
		f 3 19 -18 20 
		mu 0 3 3 0 1 
		f 3 -20 21 22 
		mu 0 3 2 1 0 
		f 3 23 -22 24 
		mu 0 3 3 0 1 
		f 3 -24 25 26 
		mu 0 3 2 1 0 
		f 3 27 -26 28 
		mu 0 3 3 0 1 
		f 3 -28 29 30 
		mu 0 3 2 1 0 
		f 3 31 -30 32 
		mu 0 3 3 0 1 
		f 3 -32 33 34 
		mu 0 3 2 1 0 
		f 3 35 -34 36 
		mu 0 3 3 0 1 
		f 3 -36 37 38 
		mu 0 3 2 1 0 
		f 3 39 -38 40 
		mu 0 3 3 0 1 
		f 3 -40 41 42 
		mu 0 3 2 1 0 
		f 3 43 -42 44 
		mu 0 3 3 0 1 
		f 3 -44 45 46 
		mu 0 3 2 1 0 
		f 3 -1 -46 47 
		mu 0 3 3 0 1 
		f 3 -5 48 -9 
		mu 0 3 6 5 4 
		f 3 -45 49 -48 
		mu 0 3 8 7 5 
		f 3 -37 50 -41 
		mu 0 3 10 9 7 
		f 3 -51 51 -50 
		mu 0 3 7 9 5 
		f 3 -29 52 -33 
		mu 0 3 12 11 9 
		f 3 -21 53 -25 
		mu 0 3 14 13 11 
		f 3 -54 54 -53 
		mu 0 3 11 13 9 
